import type { Transform12 } from './prefab-registry';

export type LevelInstance = {
  name: string;
  prefabKey: string;
  transform: Transform12;
};

export const LEVEL_INSTANCES = [
  {
    "name": "platform",
    "prefabKey": "platform",
    "transform": [
      0.993085,
      0,
      -0.117399,
      0,
      1,
      0,
      0.117399,
      0,
      0.993085,
      0,
      0,
      0
    ]
  },
  {
    "name": "platform4",
    "prefabKey": "platform",
    "transform": [
      0.993085,
      0,
      -0.117399,
      0,
      1,
      0,
      0.117399,
      0,
      0.993085,
      -15,
      0,
      4
    ]
  },
  {
    "name": "platform5",
    "prefabKey": "platform",
    "transform": [
      0.993085,
      0,
      -0.117399,
      0,
      1,
      0,
      0.117399,
      0,
      0.993085,
      -21.925076,
      0.3466103,
      -2.6836262
    ]
  },
  {
    "name": "platform6",
    "prefabKey": "platform",
    "transform": [
      0.9779442,
      0,
      0.20886743,
      0,
      1,
      0,
      -0.20886743,
      0,
      0.9779442,
      -22.07586,
      1.5132568,
      -4.765484
    ]
  },
  {
    "name": "platform2",
    "prefabKey": "platform",
    "transform": [
      1,
      0,
      0,
      0,
      1,
      0,
      0,
      0,
      1,
      -3,
      2,
      -3
    ]
  },
  {
    "name": "platform3",
    "prefabKey": "platform",
    "transform": [
      0.966237,
      0,
      -0.257656,
      0,
      1,
      0,
      0.257656,
      0,
      0.966237,
      -3,
      3,
      -5
    ]
  },
  {
    "name": "platform-medium",
    "prefabKey": "platform_medium",
    "transform": [
      0.996134,
      0,
      0.0878512,
      0,
      1,
      0,
      -0.0878512,
      0,
      0.996134,
      -3,
      0,
      0
    ]
  },
  {
    "name": "platform-medium2",
    "prefabKey": "platform_medium",
    "transform": [
      0.995121,
      0,
      0.0986598,
      0,
      1,
      0,
      -0.0986598,
      0,
      0.995121,
      -5,
      0,
      4
    ]
  },
  {
    "name": "platform-medium4",
    "prefabKey": "platform_medium",
    "transform": [
      0.929796,
      0,
      -0.368076,
      0,
      1,
      0,
      0.368076,
      0,
      0.929796,
      -14.9422,
      0.991941,
      0.128304
    ]
  },
  {
    "name": "platform-medium3",
    "prefabKey": "platform_medium",
    "transform": [
      1,
      0,
      0,
      0,
      1,
      0,
      0,
      0,
      1,
      0,
      3,
      -6
    ]
  },
  {
    "name": "platform-falling",
    "prefabKey": "platform_falling",
    "transform": [
      0.984808,
      0,
      0.173648,
      0,
      1,
      0,
      -0.173648,
      0,
      0.984808,
      -9,
      0.419294,
      4
    ]
  },
  {
    "name": "platform-falling2",
    "prefabKey": "platform_falling",
    "transform": [
      0.994522,
      0,
      -0.104528,
      0,
      1,
      0,
      0.104528,
      0,
      0.994522,
      -12,
      -0.315063,
      4
    ]
  },
  {
    "name": "platform-falling3",
    "prefabKey": "platform_falling",
    "transform": [
      0.939693,
      0,
      0.34202,
      0,
      1,
      0,
      -0.34202,
      0,
      0.939693,
      -11.7527,
      1.8303,
      -2.30579
    ]
  },
  {
    "name": "platform-grass-large-round",
    "prefabKey": "platform_grass_large_round",
    "transform": [
      1,
      0,
      0,
      0,
      1,
      0,
      0,
      0,
      1,
      -7,
      1,
      -2
    ]
  },
  {
    "name": "platform-grass-large-round2",
    "prefabKey": "platform_grass_large_round",
    "transform": [
      1,
      0,
      0,
      0,
      1,
      0,
      0,
      0,
      1,
      -19.31048,
      1,
      2.8319645
    ]
  },
  {
    "name": "flag",
    "prefabKey": "flag",
    "transform": [
      0.707107,
      0,
      -0.707107,
      0,
      1,
      0,
      0.707107,
      0,
      0.707107,
      0,
      3.48077,
      -6
    ]
  },
  {
    "name": "coin",
    "prefabKey": "coin",
    "transform": [
      1,
      0,
      0,
      0,
      1,
      0,
      0,
      0,
      1,
      -3,
      0.635,
      0
    ]
  },
  {
    "name": "coin10",
    "prefabKey": "coin",
    "transform": [
      1,
      0,
      0,
      0,
      1,
      0,
      0,
      0,
      1,
      -5,
      0.635,
      4
    ]
  },
  {
    "name": "coin2",
    "prefabKey": "coin",
    "transform": [
      1,
      0,
      0,
      0,
      1,
      0,
      0,
      0,
      1,
      -7.0437,
      1.97005,
      -0.33003
    ]
  },
  {
    "name": "coin3",
    "prefabKey": "coin",
    "transform": [
      1,
      0,
      0,
      0,
      1,
      0,
      0,
      0,
      1,
      -7.0437,
      1.97005,
      -1.33003
    ]
  },
  {
    "name": "coin5",
    "prefabKey": "coin",
    "transform": [
      1,
      0,
      0,
      0,
      1,
      0,
      0,
      0,
      1,
      -11.7731,
      2.54941,
      -2.28223
    ]
  },
  {
    "name": "coin6",
    "prefabKey": "coin",
    "transform": [
      1,
      0,
      0,
      0,
      1,
      0,
      0,
      0,
      1,
      -14.8111,
      1.6888,
      0.328574
    ]
  },
  {
    "name": "coin7",
    "prefabKey": "coin",
    "transform": [
      1,
      0,
      0,
      0,
      1,
      0,
      0,
      0,
      1,
      -14.8111,
      2.6888,
      0.328574
    ]
  },
  {
    "name": "coin8",
    "prefabKey": "coin",
    "transform": [
      1,
      0,
      0,
      0,
      1,
      0,
      0,
      0,
      1,
      -14.9647,
      0.801836,
      3.99354
    ]
  },
  {
    "name": "coin9",
    "prefabKey": "coin",
    "transform": [
      1,
      0,
      0,
      0,
      1,
      0,
      0,
      0,
      1,
      0,
      5,
      -6
    ]
  },
  {
    "name": "coin4",
    "prefabKey": "coin",
    "transform": [
      1,
      0,
      0,
      0,
      1,
      0,
      0,
      0,
      1,
      -7.0437,
      1.97005,
      -2.33003
    ]
  },
  {
    "name": "coin11",
    "prefabKey": "coin",
    "transform": [
      1,
      0,
      0,
      0,
      1,
      0,
      0,
      0,
      1,
      -6.7093306,
      5.3392777,
      -2.0042212
    ]
  },
  {
    "name": "coin12",
    "prefabKey": "coin",
    "transform": [
      1,
      0,
      0,
      0,
      1,
      0,
      0,
      0,
      1,
      -18.979,
      1.7754431,
      2.8622048
    ]
  },
  {
    "name": "coin13",
    "prefabKey": "coin",
    "transform": [
      1,
      0,
      0,
      0,
      1,
      0,
      0,
      0,
      1,
      -22.11739,
      2.56071,
      -4.7569985
    ]
  },
  {
    "name": "coin14",
    "prefabKey": "coin",
    "transform": [
      1,
      0,
      0,
      0,
      1,
      0,
      0,
      0,
      1,
      -22.11739,
      3.320589,
      -4.7569985
    ]
  },
  {
    "name": "cube8",
    "prefabKey": "cloud",
    "transform": [
      1,
      0,
      0,
      0,
      1,
      0,
      0,
      0,
      1,
      1.5495,
      1.10741,
      -2.666
    ]
  },
  {
    "name": "cube9",
    "prefabKey": "cloud",
    "transform": [
      1.27593,
      -0.401864,
      0.422933,
      0.471408,
      1.30937,
      -0.178025,
      -0.343721,
      0.304009,
      1.32582,
      3.33538,
      1.37146,
      -4.1932
    ]
  },
  {
    "name": "cube10",
    "prefabKey": "cloud",
    "transform": [
      1.32811,
      0.370441,
      0.259369,
      -0.293866,
      1.3186,
      -0.37854,
      -0.34372,
      0.30401,
      1.32582,
      -10.5752,
      2.03819,
      -7.93707
    ]
  },
  {
    "name": "cube11",
    "prefabKey": "cloud",
    "transform": [
      0.476646,
      0.924607,
      0.941422,
      -0.929853,
      0.945559,
      -0.457882,
      -0.93624,
      -0.468385,
      0.934042,
      -9.467535,
      2.0381904,
      11.509415
    ]
  },
  {
    "name": "cube12",
    "prefabKey": "cloud",
    "transform": [
      -1.02876,
      -0.695523,
      0.652886,
      -0.929853,
      0.945557,
      -0.457881,
      -0.213027,
      -0.768461,
      -1.15432,
      -9.201835,
      2.7950804,
      13.743215
    ]
  },
  {
    "name": "cube13",
    "prefabKey": "cloud",
    "transform": [
      1.56209,
      -1.37982,
      1.71508,
      1.97375,
      1.80907,
      -0.342241,
      -0.974547,
      1.4522,
      2.05595,
      -14.3045,
      2.03819,
      -8.24191
    ]
  },
  {
    "name": "cube14",
    "prefabKey": "cloud",
    "transform": [
      1.56209,
      -1.37982,
      1.71508,
      1.97375,
      1.80907,
      -0.342241,
      -0.974547,
      1.4522,
      2.05595,
      -14.152035,
      2.0381904,
      10.065234
    ]
  },
  {
    "name": "brick",
    "prefabKey": "brick",
    "transform": [
      1,
      0,
      0,
      0,
      1,
      0,
      0,
      0,
      1,
      -3.119135,
      1.9857206,
      -0.08861771
    ]
  },
  {
    "name": "brick2",
    "prefabKey": "brick",
    "transform": [
      0.8552648,
      0,
      -0.5181912,
      0,
      1,
      0,
      0.5181912,
      0,
      0.8552648,
      -6.7635055,
      3.2150104,
      -2.0195704
    ]
  },
  {
    "name": "brick3",
    "prefabKey": "brick",
    "transform": [
      0.93908226,
      0,
      0.34369248,
      0,
      1,
      0,
      -0.34369248,
      0,
      0.93908226,
      -19.034018,
      3.215011,
      2.869449
    ]
  }
] satisfies readonly LevelInstance[];
